1.262615300525815522e-03 2.912630877815433617e-01 -7.451664789340399497e-02 4.680912424039888886e-02 4.756534765186772734e-02 -2.490975510049375785e-02 6.150069217760767426e-02 2.010594329775168554e-02 8.871159620337990383e-05

1.262615300525815522e-03 2.912630877815433617e-01 -7.451664789340399497e-02 4.680912424039888886e-02 4.756534765186772734e-02 -2.490975510049375785e-02 6.150069217760767426e-02 2.010594329775168554e-02 8.871159620337990383e-05

1.262615300525815522e-03 2.912630877815433617e-01 -7.451664789340399497e-02 4.680912424039888886e-02 4.756534765186772734e-02 -2.490975510049375785e-02 6.150069217760767426e-02 2.010594329775168554e-02 8.871159620337990383e-05

1.199999999999999895e-03 2.910000000000000087e-02 7.000000000000000666e-02 5.899999999999999689e-02 4.000000000000000083e-02 4.000000000000000083e-02 2.000000000000000042e-02 5.999999999999999778e-02 8.999999999999999320e-03

8.736408938792902118e-04 5.637400586458792690e-02 1.766555002161582927e-02 6.046849211701259275e-02 9.790227355843757542e-03 5.860240124146429141e-02 3.805459926761915745e-02 1.141382660026302454e-01 9.508543361334706673e-05

1.262614081114666210e-03 2.912630881471108824e-01 -7.451664789177592230e-02 4.680912402043983789e-02 4.756534738279227098e-02 -2.490975532732698366e-02 6.150069201075103464e-02 2.010594327532956582e-02 9.092156174211054275e-05

1.276537743676158746e-03 3.093042982897128423e-01 -7.676625212147494826e-02 4.000825137958198552e-02 3.890424137346541744e-02 -3.172331106252342103e-02 5.622675285919422061e-02 2.066464730967405850e-02 9.086908907845367932e-05
